11
50000 6
10000 20000 30000 20000 30000
21000 7
10000 12000 8000 6000 6000 5000 4000
20000 6
10000 15000 20000 3000 5000 3000
20000 11
1000 2000 25000 2000 3000 4000 25000 8000 5000 6000 25000
11000 14
1000 2000 3000 4000 1000 1000 1000 1000 1000 1000 1000 1000 1000 1000
20000 14
1000 1000 1000 1000 1000 1000 1000 1000 1000 1000 1000 1000 1000 1000
4000 13
1000 2000 1000 2000 1000 2000 1000 2000 1000 2000 1000 2000 1000 
3500 100
864 586 295 163 420 845 335 1162 1133 920 180 1009 314 490 666 547 1102 941 115 671 967 1037 649 462 354 507 786 847 924 843 746 380 567 491 549 118 1044 641 140 770 1018 861 590 149 263 401 265 574 775 563 177 1041 795 301 745 233 791 321 690 564 733 318 198 1099 996 457 1092 920 582 975 478 903 508 190 497 1175 1076 979 347 525 309 840 830 251 1075 611 417 960 254 613 178 758 581 683 799 1101 441 531 948
4500 100
864 586 295 163 420 845 335 1162 1133 920 180 1009 314 490 666 547 1102 941 115 671 967 1037 649 462 354 507 786 847 924 843 746 380 567 491 549 118 1044 641 140 770 1018 861 590 149 263 401 265 574 775 563 177 1041 795 301 745 233 791 321 690 564 733 318 198 1099 996 457 1092 920 582 975 478 903 508 190 497 1175 1076 979 347 525 309 840 830 251 1075 611 417 960 254 613 178 758 581 683 799 1101 441 531 948
5500 100
864 586 295 163 420 845 335 1162 1133 920 180 1009 314 490 666 547 1102 941 115 671 967 1037 649 462 354 507 786 847 924 843 746 380 567 491 549 118 1044 641 140 770 1018 861 590 149 263 401 265 574 775 563 177 1041 795 301 745 233 791 321 690 564 733 318 198 1099 996 457 1092 920 582 975 478 903 508 190 497 1175 1076 979 347 525 309 840 830 251 1075 611 417 960 254 613 178 758 581 683 799 1101 441 531 948
101 100
1 99 2 98 3 97 4 96 5 95 6 94 7 93 8 92 9 91 10 90 11 89 12 88 13 87 14 86 15 85 16 84 17 83 18 82 19 81 20 80 21 79 22 78 23 77 24 76 25 75 26 74 27 73 28 72 29 71 30 70 31 69 32 68 33 67 34 66 35 65 36 64 37 63 38 62 39 61 40 60 41 59 42 58 43 57 44 56 45 55 46 54 47 53 48 52 49 51
