6
4 4
1000 1
2000 2
500 2 
1200 1 
3 4
1000 3 
2000 1 
500 1
14 6
100 1
100 8
200 1
200 8
300 2
300 8
400 2
500 3
500 3
600 4
700 5
800 6
900 7
1000 8
14 8
100 1
100 8
200 1
200 8
300 2
300 8
400 2
500 3
500 3
600 4
700 5
800 6
900 7
1000 8
20 16
296 8
411 18
15 1
315 20
447 11
716 18
146 19
438 17
969 16
447 10
548 13
266 11
294 18
154 19
550 13
293 10
691 16
647 11
592 19
161 5
100 80
954 44
1116 50
1966 27
1921 30
1649 1
1836 13
496 39
549 44
1142 13
534 44
662 5
1151 9
392 46
694 29
654 33
1199 41
257 49
931 50
1549 36
1248 47
901 32
1165 30
933 50
1112 48
18 27
1918 28
1728 43
119 31
1024 36
1147 41
1347 49
85 40
2000 12
626 45
1806 36
118 21
495 25
460 7
713 28
375 44
1025 11
281 19
1494 26
1119 8
1720 43
1368 12
1683 4
1185 37
764 40
1006 15
1094 7
454 31
1233 11
1436 16
1489 36
469 45
1702 41
891 13
77 8
285 28
1842 5
1632 47
496 13
967 34
391 24
618 48
377 41
102 8
481 2
881 20
80 36
616 44
69 12
1735 22
1769 37
1668 45
788 30
1816 7
575 47
59 24
711 2
411 10
554 2
1240 19
802 43
864 44
635 26
178 10
1219 2
1409 44
1917 1
1015 43
481 27
1251 49
1412 18
416 11
1055 18
1684 47
1694 20
338 13
