25
213274545021987200 67
467512703607954560 2
460897520551684352 31
555709847787780736 17
847723085254676096 2
261769366468627200 61
720149133810046080 73
940858167860331264 79
195653310248628608 17
780324482491681280 37
110112652070621696 47
775349831736135808 43
316921267930469120 13
192629228049476992 73
1112882733624081280 89
1006375013078792064 71
488325412792252416 79
52504286504296064 11
715652794331173248 83
331103848200062080 2
420796399889984256 7
1092007556857731712 23
299741242031437952 73
1000120915770455936 13
662470263622564736 31
