35
1079405671222019840 37
724263757282925184 19
1087204365776226176 5
7870092089343104 79
878356150272458752 23
639390781267846656 5
172515855166078848 97
330756680005028992 11
349413376324666240 79
967479611756313728 59
481440699549291264 23
292636475753778688 7
301598922785069312 5
1045654118423635072 83
681369140177304704 47
244733566442939008 13
850115692819086464 13
160906821855996288 17
280703615464950272 83
594354144885690240 79
1142526690132549504 47
618529226754644992 19
1000293975949942528 37
1056269757176446976 2
755276683389806720 53
709601309951693184 2
558066332168811776 31
181705170269701120 41
1035677933911847424 7
136070967117964416 3
344512648877857152 2
573754172894220416 19
341025964993678464 11
387931563293225984 31
332234441114005120 79
