96
1 1466
0 985
-68 984
-188 982
-329 977
-385 973
-498 961
-542 954
-636 938
-647 936
-727 917
-795 889
-856 862
-904 839
-970 802
-978 797
-999 782
-1030 752
-1036 746
-1062 717
-1073 702
-1090 677
-1098 659
-1103 647
-1108 635
-1138 563
-1152 508
-1161 471
-1166 450
-1190 268
-1190 265
-1187 235
-1180 208
-1171 178
-1163 162
-1149 153
-1123 137
-1095 120
-1078 115
-1037 103
-977 91
-935 83
-864 71
-793 59
-750 53
-606 33
-569 28
-499 21
-450 17
-293 5
-234 1
-217 0
-67 0
53 1
66 3
101 10
215 36
236 41
245 44
257 48
290 59
336 77
405 109
463 136
522 168
556 196
637 263
671 293
681 302
699 327
726 365
750 399
776 439
785 460
791 475
795 487
798 513
799 527
801 561
803 603
801 614
796 638
784 692
778 717
764 762
755 776
716 825
676 842
535 891
454 913
435 918
362 937
260 959
202 968
154 973
113 977
69 985
