80
3 1942
0 992
-99 985
-119 983
-157 978
-208 964
-260 947
-298 929
-336 909
-352 891
-386 849
-408 820
-450 754
-462 735
-463 733
-468 723
-511 625
-517 600
-522 563
-514 502
-513 496
-500 424
-493 400
-487 385
-480 368
-404 252
-391 237
-357 203
-317 167
-257 123
-213 96
-188 86
-153 73
-31 40
5 32
100 16
204 0
224 0
396 7
549 17
632 23
697 30
788 40
850 47
902 54
911 56
929 60
1003 80
1047 92
1219 148
1260 164
1328 205
1336 214
1374 267
1385 283
1416 332
1436 373
1440 384
1442 404
1437 435
1435 447
1419 516
1408 540
1392 567
1299 711
1274 726
1246 742
1223 755
1205 765
1166 784
989 848
919 868
874 877
727 906
463 957
415 965
350 973
244 986
188 989
86 991
28 992
