86
2 1590
0 86
-163 997
-238 994
-255 993
-304 988
-432 969
-598 943
-699 926
-710 924
-725 920
-769 905
-857 875
-936 842
-1130 755
-1154 744
-1190 726
-1276 682
-1318 653
-1351 630
-1398 562
-1404 550
-1411 533
-1416 516
-1432 454
-1433 440
-1434 420
-1413 362
-1410 355
-1382 295
-1333 226
-1318 208
-1288 180
-1283 176
-1257 157
-1217 136
-1125 95
-1073 76
-1032 66
-921 44
-850 32
-682 7
-629 1
-613 0
-368 0
-314 4
-182 14
-146 17
-52 26
-1 39
35 50
140 85
204 112
251 134
325 178
343 190
402 238
410 245
412 247
460 308
486 362
493 377
501 408
507 435
511 454
514 534
515 597
506 666
501 694
481 767
461 820
455 831
447 841
431 860
418 874
403 883
384 894
339 920
292 942
272 951
247 960
224 966
204 971
148 982
116 988
67 997
16 1000
