798
4 1993
0 1000
-12 999
-24 998
-35 997
-44 996
-52 995
-60 994
-68 993
-76 992
-83 991
-90 990
-97 989
-111 987
-124 985
-130 984
-136 983
-142 982
-148 981
-154 980
-166 978
-182 975
-187 974
-192 973
-197 972
-202 971
-207 970
-212 969
-217 968
-222 967
-227 966
-236 964
-240 963
-244 962
-248 961
-252 960
-260 958
-268 956
-276 954
-288 951
-295 949
-305 946
-308 945
-311 944
-314 943
-317 942
-320 941
-323 940
-326 939
-329 938
-332 937
-335 936
-338 935
-341 934
-347 932
-353 930
-359 928
-364 926
-369 924
-389 916
-396 913
-403 910
-410 907
-419 903
-430 898
-432 897
-434 896
-436 895
-438 894
-440 893
-442 892
-444 891
-446 890
-448 889
-450 888
-452 887
-454 886
-456 885
-458 884
-460 883
-462 882
-464 881
-466 880
-468 879
-470 878
-474 876
-478 874
-482 872
-486 870
-490 868
-495 865
-500 862
-508 857
-511 855
-514 853
-517 851
-520 849
-523 847
-526 845
-532 841
-539 836
-546 831
-550 828
-554 825
-558 822
-562 819
-563 818
-564 817
-565 816
-566 815
-567 814
-568 813
-569 812
-570 811
-571 810
-572 809
-573 808
-574 807
-575 806
-576 805
-577 804
-579 802
-581 800
-583 798
-585 796
-587 794
-590 791
-593 788
-596 785
-599 782
-602 779
-605 776
-609 772
-614 767
-619 761
-623 756
-626 752
-631 745
-633 742
-635 739
-637 736
-640 731
-643 726
-644 724
-645 722
-646 720
-647 718
-648 716
-650 712
-653 706
-655 701
-657 696
-661 686
-662 683
-663 680
-664 677
-665 674
-666 671
-667 668
-668 665
-669 662
-670 659
-671 656
-673 650
-675 644
-677 638
-679 631
-683 617
-685 608
-686 603
-687 598
-688 591
-689 584
-689 583
-689 582
-689 581
-689 580
-689 579
-689 578
-689 577
-689 576
-689 575
-689 574
-689 573
-689 572
-689 570
-689 568
-689 566
-689 564
-689 562
-689 560
-689 558
-689 556
-689 553
-689 550
-689 547
-689 544
-689 541
-689 538
-689 535
-689 532
-689 529
-689 525
-689 521
-689 516
-689 510
-689 504
-689 498
-689 492
-689 485
-689 478
-689 467
-688 462
-687 457
-686 452
-685 447
-683 438
-681 429
-680 425
-679 421
-678 417
-677 413
-676 409
-675 405
-673 397
-672 394
-671 391
-670 388
-669 385
-668 382
-667 379
-666 376
-665 373
-664 370
-662 364
-659 356
-657 351
-655 346
-654 344
-653 342
-652 340
-651 338
-650 336
-649 334
-648 332
-647 330
-646 328
-645 326
-644 324
-643 322
-641 318
-638 313
-635 308
-632 303
-629 298
-623 288
-617 278
-615 275
-613 272
-611 269
-609 266
-605 261
-604 260
-603 259
-602 258
-601 257
-600 256
-599 255
-598 254
-597 253
-596 252
-595 251
-594 250
-592 248
-590 246
-588 244
-586 242
-584 240
-582 238
-580 236
-578 234
-576 232
-574 230
-571 227
-568 224
-565 221
-562 218
-559 215
-555 211
-545 202
-539 197
-533 192
-528 188
-523 184
-519 181
-515 178
-511 175
-508 173
-505 171
-502 169
-499 167
-496 165
-493 163
-487 159
-481 155
-472 149
-467 146
-460 142
-451 137
-449 136
-447 135
-445 134
-443 133
-441 132
-439 131
-437 130
-435 129
-433 128
-431 127
-429 126
-425 124
-421 122
-417 120
-411 117
-401 112
-394 109
-387 106
-382 104
-377 102
-372 100
-367 98
-362 96
-357 94
-342 88
-339 87
-336 86
-333 85
-330 84
-327 83
-324 82
-321 81
-318 80
-315 79
-309 77
-303 75
-297 73
-288 70
-278 67
-271 65
-264 63
-257 61
-253 60
-249 59
-245 58
-241 57
-237 56
-233 55
-229 54
-225 53
-221 52
-217 51
-212 50
-207 49
-202 48
-197 47
-192 46
-187 45
-182 44
-177 43
-172 42
-167 41
-162 40
-152 38
-146 37
-140 36
-134 35
-128 34
-122 33
-116 32
-110 31
-98 29
-86 27
-74 25
-54 22
-47 21
-40 20
-33 19
-25 18
-17 17
-8 16
2 15
12 14
22 13
33 12
44 11
55 10
77 8
89 7
114 5
127 4
141 3
156 2
187 1
220 0
597 0
610 1
621 2
632 3
642 4
652 5
662 6
671 7
680 8
698 10
706 11
714 12
722 13
730 14
737 15
744 16
751 17
764 19
770 20
782 22
799 25
810 27
815 28
820 29
825 30
830 31
835 32
845 34
855 36
864 38
873 40
882 42
886 43
890 44
894 45
898 46
902 47
906 48
910 49
914 50
918 51
922 52
933 55
940 57
943 58
946 59
949 60
952 61
955 62
958 63
961 64
964 65
970 67
976 69
984 72
992 75
1000 78
1005 80
1010 82
1015 84
1020 86
1032 91
1039 94
1041 95
1043 96
1045 97
1047 98
1049 99
1051 100
1053 101
1057 103
1061 105
1065 107
1069 109
1073 111
1077 113
1081 115
1087 118
1093 121
1101 125
1111 130
1116 133
1121 136
1126 139
1136 145
1139 147
1142 149
1145 151
1148 153
1151 155
1156 159
1164 166
1172 173
1173 174
1174 175
1175 176
1176 177
1177 178
1178 179
1179 180
1180 181
1181 182
1182 183
1183 184
1184 185
1185 186
1186 187
1187 188
1189 190
1191 192
1193 194
1195 196
1197 198
1199 200
1201 202
1203 204
1206 207
1209 210
1213 214
1217 218
1225 227
1228 231
1231 235
1234 239
1237 243
1239 246
1241 249
1243 252
1245 255
1247 258
1249 261
1251 264
1254 269
1255 271
1256 273
1257 275
1258 277
1259 279
1260 281
1261 283
1262 285
1264 289
1266 293
1268 297
1270 301
1272 306
1274 311
1277 319
1281 330
1282 333
1283 336
1284 339
1285 342
1286 345
1287 348
1288 351
1289 354
1290 357
1291 361
1292 365
1293 369
1294 373
1295 377
1297 386
1299 395
1300 400
1301 406
1302 412
1303 419
1304 427
1305 437
1305 438
1305 439
1305 440
1305 441
1305 442
1305 443
1305 444
1305 445
1305 446
1305 447
1305 448
1305 449
1305 450
1305 451
1305 452
1305 453
1305 454
1305 455
1305 456
1305 457
1305 459
1305 461
1305 463
1305 465
1305 467
1305 469
1305 471
1305 473
1305 475
1305 477
1305 479
1305 481
1305 483
1305 485
1305 487
1305 490
1305 493
1305 496
1305 499
1305 502
1305 505
1305 508
1305 511
1305 514
1305 517
1305 520
1305 523
1305 527
1305 531
1305 535
1305 541
1305 547
1305 556
1305 565
1304 575
1303 583
1302 589
1301 595
1300 600
1299 605
1298 610
1297 615
1296 619
1295 623
1294 627
1293 631
1291 639
1289 646
1288 649
1287 652
1286 655
1285 658
1284 661
1281 669
1278 677
1276 682
1274 687
1273 689
1272 691
1271 693
1270 695
1269 697
1268 699
1267 701
1266 703
1264 707
1261 712
1259 715
1257 718
1255 721
1253 724
1249 730
1246 734
1243 738
1239 743
1234 749
1229 755
1228 756
1227 757
1226 758
1225 759
1224 760
1223 761
1222 762
1221 763
1220 764
1219 765
1218 766
1217 767
1215 769
1213 771
1211 773
1209 775
1207 777
1205 779
1203 781
1200 784
1197 787
1194 790
1190 794
1186 798
1181 803
1176 807
1171 811
1162 818
1158 821
1154 824
1150 827
1146 830
1143 832
1140 834
1137 836
1134 838
1128 842
1122 846
1117 849
1112 852
1107 855
1102 858
1097 861
1090 865
1083 869
1081 870
1079 871
1077 872
1075 873
1073 874
1071 875
1069 876
1067 877
1065 878
1063 879
1061 880
1057 882
1053 884
1049 886
1043 889
1037 892
1028 896
1021 899
1014 902
1009 904
1004 906
999 908
989 912
975 917
972 918
969 919
966 920
963 921
960 922
957 923
954 924
951 925
948 926
945 927
939 929
930 932
921 935
909 939
899 942
892 944
881 947
877 948
873 949
869 950
865 951
857 953
848 955
839 957
830 959
821 961
807 964
802 965
797 966
792 967
787 968
777 970
767 972
761 973
755 974
749 975
736 977
729 978
722 979
715 980
708 981
693 983
685 984
669 986
660 987
650 988
640 989
629 990
618 991
607 992
595 993
582 994
569 995
556 996
540 997
522 998
502 999
480 1000
