789
3 1599
0 1000
-21 999
-41 998
-60 997
-74 996
-87 995
-97 994
-107 993
-125 991
-133 990
-146 988
-152 987
-158 986
-164 985
-170 984
-176 983
-182 982
-188 981
-194 980
-200 979
-206 978
-218 976
-230 974
-242 972
-247 971
-252 970
-257 969
-267 967
-282 964
-297 961
-306 959
-315 957
-319 956
-323 955
-327 954
-331 953
-335 952
-343 950
-351 948
-358 946
-365 944
-372 942
-386 938
-396 935
-412 930
-415 929
-418 928
-421 927
-424 926
-427 925
-430 924
-433 923
-436 922
-439 921
-442 920
-445 919
-451 917
-457 915
-465 912
-470 910
-475 908
-480 906
-485 904
-490 902
-495 900
-500 898
-507 895
-509 894
-511 893
-513 892
-515 891
-517 890
-519 889
-521 888
-523 887
-525 886
-527 885
-533 882
-541 878
-551 873
-558 869
-563 866
-568 863
-576 858
-579 856
-582 854
-585 852
-588 850
-591 848
-594 846
-597 844
-600 842
-606 838
-615 832
-619 829
-623 826
-630 820
-631 819
-632 818
-633 817
-634 816
-635 815
-636 814
-637 813
-638 812
-639 811
-640 810
-641 809
-642 808
-643 807
-644 806
-645 805
-646 804
-647 803
-648 802
-649 801
-650 800
-651 799
-652 798
-653 797
-654 796
-655 795
-657 793
-659 791
-661 789
-663 787
-665 785
-668 782
-671 779
-674 776
-677 773
-680 770
-686 763
-690 758
-694 753
-697 749
-700 745
-703 741
-705 738
-707 735
-709 732
-711 729
-714 724
-715 722
-716 720
-717 718
-718 716
-719 714
-720 712
-721 710
-722 708
-723 706
-724 704
-725 702
-726 700
-727 698
-728 696
-729 694
-731 690
-733 686
-735 682
-739 674
-743 665
-746 658
-748 653
-750 648
-753 640
-754 637
-755 634
-756 631
-757 628
-758 625
-759 622
-761 616
-764 607
-766 600
-768 593
-771 582
-772 578
-773 574
-774 570
-775 566
-776 562
-778 554
-779 548
-780 541
-780 540
-780 539
-780 538
-780 537
-780 536
-780 535
-780 534
-780 533
-780 532
-780 531
-780 530
-780 529
-780 528
-780 527
-780 526
-780 525
-780 524
-780 523
-780 522
-780 521
-780 520
-780 519
-780 518
-780 516
-780 514
-780 512
-780 510
-780 508
-780 506
-780 504
-780 502
-780 500
-780 498
-780 496
-780 493
-780 490
-780 487
-780 484
-780 481
-780 478
-780 474
-780 469
-780 464
-780 458
-780 450
-780 439
-779 431
-778 425
-777 420
-775 411
-774 407
-773 403
-772 399
-771 396
-770 393
-769 390
-768 387
-765 379
-763 374
-761 369
-758 362
-755 355
-754 353
-753 351
-752 349
-751 347
-750 345
-749 343
-748 341
-747 339
-745 335
-743 331
-741 327
-738 321
-734 313
-731 308
-729 305
-727 302
-725 299
-721 293
-718 289
-715 285
-712 281
-709 277
-702 268
-701 267
-700 266
-699 265
-698 264
-697 263
-696 262
-695 261
-694 260
-693 259
-692 258
-691 257
-690 256
-689 255
-688 254
-687 253
-686 252
-685 251
-683 249
-681 247
-679 245
-677 243
-675 241
-673 239
-671 237
-668 234
-665 231
-662 228
-659 225
-655 221
-650 216
-643 210
-632 201
-628 198
-624 195
-616 189
-608 183
-605 181
-602 179
-599 177
-596 175
-593 173
-590 171
-587 169
-581 165
-575 161
-569 157
-564 154
-557 150
-548 145
-546 144
-544 143
-542 142
-540 141
-538 140
-536 139
-534 138
-532 137
-530 136
-528 135
-526 134
-524 133
-522 132
-518 130
-514 128
-508 125
-502 122
-494 118
-474 109
-465 105
-456 101
-449 98
-444 96
-439 94
-434 92
-429 90
-421 87
-418 86
-415 85
-412 84
-409 83
-406 82
-403 81
-400 80
-397 79
-394 78
-388 76
-382 74
-376 72
-367 69
-358 66
-348 63
-341 61
-334 59
-327 57
-316 54
-305 51
-301 50
-297 49
-289 47
-281 45
-269 42
-252 38
-243 36
-238 35
-233 34
-228 33
-223 32
-218 31
-203 28
-187 25
-181 24
-175 23
-169 22
-163 21
-157 20
-151 19
-132 16
-125 15
-118 14
-111 13
-97 11
-89 10
-81 9
-64 7
-55 6
-46 5
-36 4
-26 3
-5 1
6 0
397 0
419 1
434 2
446 3
458 4
469 5
480 6
490 7
500 8
520 10
539 12
548 13
557 14
574 16
582 17
590 18
606 20
621 22
628 23
635 24
642 25
648 26
654 27
666 29
671 30
676 31
681 32
686 33
691 34
696 35
701 36
711 38
721 40
731 42
746 45
760 48
769 50
782 53
786 54
790 55
794 56
798 57
802 58
806 59
810 60
814 61
818 62
826 64
834 66
846 69
859 73
862 74
865 75
868 76
874 78
880 80
892 84
897 86
902 88
909 91
918 95
920 96
922 97
924 98
926 99
928 100
930 101
932 102
934 103
936 104
938 105
940 106
942 107
944 108
946 109
948 110
950 111
952 112
956 114
960 116
964 118
968 120
974 123
987 130
998 136
1005 140
1012 144
1023 151
1026 153
1029 155
1032 157
1035 159
1038 161
1041 163
1047 167
1056 173
1060 176
1064 179
1068 182
1072 185
1077 189
1078 190
1079 191
1080 192
1081 193
1082 194
1083 195
1084 196
1085 197
1086 198
1087 199
1088 200
1089 201
1090 202
1091 203
1092 204
1093 205
1095 207
1097 209
1099 211
1101 213
1103 215
1105 217
1107 219
1109 221
1111 223
1114 226
1117 229
1121 233
1125 237
1130 242
1135 247
1141 253
1144 257
1147 261
1150 265
1152 268
1154 271
1156 274
1158 277
1161 282
1164 287
1165 289
1166 291
1167 293
1168 295
1169 297
1171 301
1173 305
1175 309
1177 313
1179 317
1181 321
1184 327
1189 337
1192 344
1194 349
1195 352
1196 355
1197 358
1198 361
1200 367
1202 374
1204 381
1205 385
1206 389
1207 393
1208 397
1209 402
1212 417
1214 428
1215 435
1216 444
1216 445
1216 446
1216 447
1216 448
1216 449
1216 450
1216 451
1216 452
1216 453
1216 454
1216 455
1216 456
1216 457
1216 458
1216 459
1216 460
1216 461
1216 462
1216 464
1216 466
1216 468
1216 470
1216 472
1216 474
1216 476
1216 478
1216 480
1216 482
1216 484
1216 486
1216 489
1216 492
1216 495
1216 498
1216 501
1216 504
1216 508
1216 512
1216 516
1216 521
1216 526
1216 531
1216 536
1216 542
1216 548
1216 555
1216 564
1215 570
1214 576
1213 582
1212 587
1211 592
1210 596
1209 600
1208 604
1206 611
1205 614
1204 617
1202 623
1199 631
1196 638
1193 645
1187 659
1186 661
1185 663
1184 665
1183 667
1182 669
1180 673
1178 677
1175 683
1172 689
1169 694
1166 699
1157 713
1155 716
1153 719
1151 722
1149 725
1147 728
1145 731
1143 734
1140 738
1137 742
1134 746
1131 750
1126 756
1118 765
1117 766
1116 767
1115 768
1114 769
1113 770
1112 771
1111 772
1110 773
1109 774
1108 775
1107 776
1106 777
1104 779
1102 781
1100 783
1098 785
1096 787
1094 789
1092 791
1090 793
1088 795
1086 797
1083 800
1080 803
1076 807
1069 813
1062 819
1057 823
1052 827
1048 830
1041 835
1031 842
1028 844
1025 846
1022 848
1019 850
1016 852
1013 854
1010 856
1004 860
999 863
997 864
995 865
993 866
991 867
989 868
987 869
985 870
983 871
981 872
979 873
977 874
975 875
973 876
971 877
969 878
965 880
961 882
957 884
947 889
934 895
927 898
920 901
915 903
910 905
905 907
900 909
879 917
876 918
873 919
870 920
867 921
864 922
861 923
858 924
852 926
843 929
831 933
819 937
812 939
801 942
797 943
793 944
789 945
785 946
781 947
777 948
773 949
765 951
756 953
751 954
746 955
741 956
736 957
731 958
716 961
705 963
694 965
672 969
666 970
660 971
654 972
642 974
630 976
617 978
610 979
603 980
596 981
589 982
581 983
573 984
564 985
555 986
546 987
537 988
528 989
519 990
510 991
500 992
490 993
479 994
467 995
455 996
441 997
427 998
409 999
389 1000
