1 7 9
2 60 31
3 10 11
4 5 10
5 53 6
6 -13 40
7 -2147418110 65535
8 2147483647 2147483644 
9 9999 1826206476
10 4 1
11 -1 5
12 1322602245 -201454693925
13 -1988956016 -271483127
14 -1483315625 1843358726
15 1109441723 1438687871
16 -759712635 297319162
17 -207444201 294565435
18 627996585 718313379
19 -327018211 566639517
20 -112721800 -2130791285
21 -862765314 1791138809
22 306380683 1176093787
23 987781306 1332792187
24 -1622731665 -493175371
25 -1306702866 767064213
26 2070904611 1884746815
27 1928922755 -301146623
28 -682796310 -36059463
29 -2098760449 1531602654
30 683806423 -363525378
31 -473132937 -1630140005
32 -1364414805 1507997828
33 -1292177870 -953076921
34 1974433389 2039487455
35 223040879 762437170
36 1150859073 1736564779
37 955548187 -1297373087
38 1345591019 968350890
39 -1673716510 -470973589
40 1246620348 -1533772589
41 1959959316 1542784781
42 -437414687 -1093800039
43 119383584 1023657773
44 -209614939 -760629786
45 -1933425993 -908978774
46 -1532410884 -1530089567
47 -1319526074 362283179
48 -872448323 1032680542
49 -1862651060 -1122612555
50 -1847263935 -1423582815
51 1782257317 -376629038
52 1334023650 970055723
53 -321533578 -1510158953
54 -1029681202 -1868094539
55 2060372703 1574721967
56 266271999 -405919186
57 1719744781 1343598614
58 1887014816 930589125
59 975950254 -723895625
60 -2040301383 307069873
61 -891768223 315248633
62 1387285887 -451167276
63 381562067 895211639
64 -2016899968 278584273
65 112601001 -656232547
66 1537035939 -881545616
67 -1795644998 1414389349
68 879518960 1444050891
69 -655564726 396552901
70 -479094433 -257274249
71 419245307 1268271570
72 -2039100684 1190228027
73 539877437 1159339483
74 700221295 1974483827
75 1630030110 1390342425
76 -745300292 1701323893
77 -1498088175 -974655129
78 1098881420 583183979
79 401729836 -474791641
80 -312506881 23889050
81 -308391733 1753933881
82 1732316904 1210104641
83 1113335779 -1554393796
84 99871048 -1174571533
85 -740150675 -935195627
86 561398922 192656525
87 1682084362 -1818727963
88 1251382069 1780025573
89 -276474193 623442068
90 -891446169 -1014340183
91 362137459 -1542175917
92 -544543619 -1710570481
93 1815049502 507126933
94 1669745593 636551114
95 -1788355380 -1839742643
96 -1848746821 276507222
97 1007376327 -1109480345
98 -1029857189 394434205
99 -1863655783 537712773
