4
2 8
1 2 3 4 5 6 7 8
16 15 14 13 12 11 10 9
2 8
1 2 3 4 13 12 11 10
16 15 14 5 6 7 8 9
8 9
38 39 40 41 44 45 46 47 48
37 36 35 42 43 52 51 50 49
2 1 34 33 54 53 62 63 64
3 6 7 32 55 60 61 66 65
4 5 8 31 56 59 68 67 72
11 10 9 30 57 58 69 70 71
12 15 16 29 28 27 26 25 24
13 14 17 18 19 20 21 22 23
8 9
38 39 40 41 44 45 46 47 48
37 36 35 42 43 52 51 50 49
2 1 34 33 54 53 62 63 64
3 6 7 32 55 60 61 66 65
4 5 8 31 56 59 70 67 71
11 10 9 30 57 58 69 68 72
12 15 16 29 28 27 26 25 24
13 14 17 18 19 20 21 22 23
