30
12356755122959488 41
323846883593648896 79
379985242026673408 71
264206453928001024 41
102661818174116736 67
774797052822914944 61
849451827597449216 59
142792737271221376 59
382750186038670592 43
977166071163302400 53
563909205599014784 19
112722250141385856 41
888652195664407040 3
711822720448263040 89
544873312624852736 2
904088740238117376 31
902705022412151296 19
270009717430839808 5
428924773870661760 71
866867479845275008 43
653187842908864512 41
816553108452579456 3
462646141706281600 31
408510220791374848 3
2807673447591168 73
959422205403703040 5
1101152002790950656 43
982817664870062208 23
615723712351733376 19
699070968060158592 37
