40
122003592992915456 47
473171480166415616 89
149058836537353472 7
967825093606435968 2
605922587005194240 13
389930597710921344 17
1084478292797055232 41
953725063931780992 71
741200413131613696 43
832728153453297408 67
450733282097976832 89
868501418297715200 89
983364280205183488 79
1140002863850988416 79
293644053929719680 59
956724821497266688 7
421457727158332032 11
933015022383121792 43
1028216328015052416 43
154592381366121344 41
970435695705184768 89
49261053337760256 43
518078608527861632 23
246909498009837440 59
924438587231637632 41
763224216969063808 37
460391155263174144 23
892530930719259520 79
573591358126533504 7
481519560552099712 61
264892383331053696 71
366628913153151360 73
217108005463731200 53
281209754908697856 67
409152012806939776 53
1015485927174357632 43
16749670303627776 13
760988137082482944 7
646843072554377856 67
260995279368815104 97
