772
3 1869
0 1000
-14 999
-28 998
-42 997
-55 996
-67 995
-79 994
-90 993
-101 992
-112 991
-123 990
-133 989
-142 988
-151 987
-160 986
-169 985
-178 984
-186 983
-194 982
-202 981
-217 979
-232 977
-239 976
-246 975
-260 973
-266 972
-272 971
-277 970
-282 969
-287 968
-292 967
-297 966
-301 965
-305 964
-309 963
-313 962
-317 961
-321 960
-325 959
-329 958
-333 957
-337 956
-341 955
-349 953
-357 951
-367 948
-383 943
-386 942
-389 941
-392 940
-398 938
-407 935
-412 933
-417 931
-422 929
-427 927
-434 924
-436 923
-438 922
-440 921
-442 920
-444 919
-446 918
-448 917
-450 916
-452 915
-454 914
-456 913
-458 912
-462 910
-466 908
-470 906
-474 904
-482 900
-495 893
-502 889
-505 887
-508 885
-511 883
-514 881
-517 879
-520 877
-523 875
-529 871
-535 867
-539 864
-543 861
-544 860
-545 859
-546 858
-547 857
-548 856
-549 855
-550 854
-551 853
-552 852
-553 851
-554 850
-555 849
-556 848
-558 846
-560 844
-562 842
-564 840
-566 838
-568 836
-570 834
-572 832
-574 830
-576 828
-578 826
-581 823
-584 820
-587 817
-590 814
-594 810
-598 806
-602 802
-607 797
-612 792
-616 787
-620 782
-623 778
-626 774
-631 767
-633 764
-635 761
-637 758
-639 755
-641 752
-645 746
-649 740
-653 733
-654 731
-655 729
-656 727
-657 725
-658 723
-659 721
-660 719
-662 715
-664 711
-666 707
-669 701
-672 695
-676 686
-679 679
-682 672
-684 667
-686 662
-688 657
-691 649
-692 646
-693 643
-694 640
-695 637
-696 634
-697 631
-698 628
-699 625
-700 622
-701 619
-702 616
-704 610
-707 600
-709 593
-710 589
-711 585
-712 581
-713 577
-714 573
-716 565
-718 557
-718 556
-718 555
-718 554
-718 553
-718 552
-718 551
-718 550
-718 549
-718 548
-718 547
-718 546
-718 545
-718 544
-718 543
-718 542
-718 541
-718 540
-718 539
-718 537
-718 535
-718 533
-718 531
-718 529
-718 527
-718 525
-718 522
-718 519
-718 516
-718 513
-718 509
-718 505
-718 501
-718 497
-718 493
-718 489
-718 484
-718 479
-718 474
-718 468
-718 462
-718 456
-718 449
-718 442
-718 435
-718 426
-717 417
-716 410
-715 405
-714 401
-713 397
-712 393
-711 389
-710 385
-709 381
-707 373
-704 363
-703 360
-702 357
-701 354
-699 348
-697 342
-695 337
-692 330
-691 328
-690 326
-689 324
-688 322
-687 320
-685 316
-683 312
-680 306
-677 300
-670 286
-667 281
-664 276
-661 271
-659 268
-657 265
-655 262
-653 259
-649 253
-645 247
-642 243
-639 239
-635 234
-630 228
-624 221
-623 220
-622 219
-621 218
-620 217
-619 216
-618 215
-617 214
-616 213
-615 212
-613 210
-611 208
-609 206
-607 204
-604 201
-600 197
-596 193
-591 188
-584 181
-579 177
-574 173
-570 170
-566 167
-562 164
-558 161
-554 158
-537 146
-534 144
-531 142
-528 140
-525 138
-520 135
-515 132
-510 129
-503 125
-494 120
-492 119
-490 118
-488 117
-486 116
-484 115
-482 114
-480 113
-478 112
-476 111
-474 110
-472 109
-470 108
-468 107
-466 106
-462 104
-458 102
-454 100
-450 98
-446 96
-442 94
-436 91
-421 84
-408 78
-395 73
-387 70
-376 66
-373 65
-370 64
-367 63
-364 62
-361 61
-358 60
-355 59
-346 56
-339 54
-328 51
-313 47
-309 46
-305 45
-301 44
-297 43
-293 42
-289 41
-285 40
-281 39
-273 37
-261 34
-252 32
-247 31
-242 30
-237 29
-226 27
-215 25
-209 24
-203 23
-197 22
-191 21
-185 20
-179 19
-173 18
-167 17
-155 15
-148 14
-141 13
-134 12
-127 11
-120 10
-113 9
-104 8
-95 7
-77 5
-66 4
-42 2
-29 1
-15 0
444 0
466 1
485 2
500 3
514 4
527 5
540 6
552 7
563 8
585 10
595 11
605 12
614 13
623 14
632 15
641 16
649 17
657 18
665 19
672 20
685 22
691 23
697 24
703 25
709 26
715 27
726 29
737 31
742 32
747 33
752 34
762 36
771 38
780 40
784 41
788 42
792 43
796 44
800 45
804 46
808 47
812 48
820 50
832 53
848 57
859 60
866 62
873 64
880 66
883 67
886 68
889 69
892 70
895 71
898 72
901 73
907 75
913 77
919 79
925 81
934 84
943 87
954 91
967 96
972 98
977 100
982 102
987 104
994 107
1001 110
1003 111
1005 112
1007 113
1009 114
1011 115
1013 116
1015 117
1017 118
1019 119
1023 121
1027 123
1031 125
1035 127
1039 129
1045 132
1051 135
1061 140
1066 143
1071 146
1081 152
1089 157
1092 159
1095 161
1098 163
1101 165
1104 167
1114 174
1121 179
1125 182
1131 187
1138 193
1150 204
1151 205
1152 206
1153 207
1154 208
1155 209
1156 210
1157 211
1158 212
1159 213
1160 214
1161 215
1162 216
1164 218
1166 220
1168 222
1170 224
1172 226
1174 228
1176 230
1178 232
1183 237
1191 245
1199 253
1207 262
1212 268
1216 273
1220 278
1228 288
1231 292
1234 296
1237 300
1239 303
1240 305
1241 307
1242 309
1243 311
1244 313
1245 315
1246 317
1247 319
1249 323
1251 327
1253 331
1255 335
1257 339
1259 343
1261 347
1263 352
1265 357
1266 360
1267 363
1268 366
1270 372
1271 376
1272 380
1273 384
1274 388
1276 396
1277 401
1278 409
1278 410
1278 411
1278 412
1278 413
1278 414
1278 415
1278 416
1278 417
1278 418
1278 419
1278 420
1278 421
1278 422
1278 423
1278 424
1278 425
1278 426
1278 427
1278 428
1278 429
1278 430
1278 431
1278 432
1278 433
1278 435
1278 437
1278 439
1278 441
1278 443
1278 445
1278 447
1278 449
1278 451
1278 453
1278 455
1278 457
1278 459
1278 461
1278 463
1278 466
1278 469
1278 472
1278 475
1278 478
1278 481
1278 485
1278 489
1278 493
1278 498
1278 503
1278 508
1278 514
1278 520
1278 526
1278 532
1278 538
1277 545
1276 550
1275 555
1274 560
1273 565
1271 574
1270 578
1269 582
1268 585
1267 588
1266 591
1265 594
1264 597
1263 600
1262 603
1260 609
1258 614
1256 619
1254 624
1253 626
1252 628
1251 630
1250 632
1249 634
1248 636
1247 638
1246 640
1245 642
1244 644
1243 646
1242 648
1240 652
1237 658
1232 668
1227 677
1224 682
1222 685
1220 688
1218 691
1216 694
1214 697
1212 700
1207 707
1202 714
1199 718
1196 722
1193 726
1186 735
1181 741
1180 742
1179 743
1178 744
1177 745
1176 746
1175 747
1174 748
1173 749
1172 750
1171 751
1170 752
1169 753
1168 754
1167 755
1166 756
1165 757
1163 759
1161 761
1159 763
1157 765
1155 767
1153 769
1151 771
1149 773
1147 775
1144 778
1141 781
1138 784
1134 788
1130 792
1126 796
1121 801
1115 807
1111 810
1103 816
1095 822
1088 827
1085 829
1082 831
1079 833
1076 835
1073 837
1070 839
1067 841
1064 843
1061 845
1053 850
1045 855
1040 858
1035 861
1028 865
1026 866
1024 867
1022 868
1020 869
1018 870
1016 871
1014 872
1012 873
1010 874
1008 875
1006 876
1004 877
1002 878
1000 879
996 881
990 884
984 887
976 891
968 895
955 901
948 904
943 906
938 908
930 911
922 914
914 917
906 920
895 924
892 925
889 926
886 927
883 928
880 929
877 930
874 931
868 933
862 935
853 938
844 941
831 945
824 947
817 949
810 951
806 952
802 953
798 954
794 955
790 956
786 957
782 958
778 959
774 960
766 962
758 964
750 966
742 968
733 970
728 971
723 972
718 973
708 975
698 977
692 978
686 979
680 980
674 981
668 982
662 983
656 984
649 985
642 986
635 987
621 989
613 990
605 991
597 992
588 993
579 994
569 995
558 996
547 997
534 998
520 999
505 1000
