794
1000 0
0 998
-15 997
-27 996
-38 995
-49 994
-58 993
-67 992
-75 991
-83 990
-91 989
-98 988
-105 987
-112 986
-118 985
-124 984
-130 983
-136 982
-148 980
-159 978
-175 975
-180 974
-185 973
-190 972
-195 971
-200 970
-205 969
-210 968
-215 967
-220 966
-230 964
-239 962
-252 959
-256 958
-260 957
-264 956
-268 955
-272 954
-276 953
-280 952
-284 951
-288 950
-292 949
-300 947
-308 945
-315 943
-322 941
-341 935
-344 934
-347 933
-350 932
-353 931
-356 930
-359 929
-362 928
-365 927
-368 926
-371 925
-374 924
-377 923
-380 922
-383 921
-389 919
-398 916
-407 913
-415 910
-428 905
-456 894
-461 892
-466 890
-471 888
-478 885
-492 879
-494 878
-496 877
-498 876
-500 875
-502 874
-504 873
-506 872
-508 871
-510 870
-512 869
-514 868
-516 867
-520 865
-524 863
-528 861
-532 859
-536 857
-540 855
-544 853
-548 851
-554 848
-564 843
-571 839
-576 836
-579 834
-582 832
-585 830
-588 828
-591 826
-597 822
-604 817
-609 813
-614 809
-623 801
-624 800
-625 799
-626 798
-627 797
-628 796
-629 795
-630 794
-631 793
-632 792
-633 791
-634 790
-635 789
-637 787
-639 785
-641 783
-643 781
-646 778
-649 775
-652 772
-655 769
-658 766
-661 763
-664 760
-668 756
-672 752
-676 748
-681 743
-688 735
-692 730
-696 725
-699 721
-702 717
-704 714
-706 711
-712 702
-713 700
-714 698
-715 696
-716 694
-717 692
-718 690
-720 686
-723 680
-726 674
-728 669
-730 664
-732 659
-736 648
-737 645
-738 642
-739 639
-741 633
-743 626
-744 622
-745 617
-746 612
-747 607
-748 601
-748 600
-748 599
-748 598
-748 597
-748 596
-748 595
-748 594
-748 593
-748 592
-748 591
-748 590
-748 589
-748 588
-748 587
-748 586
-748 585
-748 584
-748 583
-748 582
-748 580
-748 578
-748 576
-748 574
-748 572
-748 570
-748 568
-748 566
-748 564
-748 562
-748 560
-748 557
-748 553
-748 549
-748 545
-748 541
-748 537
-748 532
-748 527
-748 521
-748 515
-748 509
-748 502
-748 493
-747 486
-746 480
-745 475
-744 470
-743 465
-742 460
-740 450
-739 446
-738 442
-734 427
-733 424
-732 421
-731 418
-730 415
-729 412
-728 409
-726 403
-724 398
-722 393
-719 386
-718 384
-717 382
-716 380
-715 378
-714 376
-713 374
-712 372
-711 370
-710 368
-709 366
-708 364
-706 360
-704 356
-702 352
-700 348
-697 342
-693 335
-689 328
-687 325
-685 322
-683 319
-681 316
-679 313
-677 310
-675 307
-673 304
-670 300
-667 296
-664 292
-659 286
-658 285
-657 284
-656 283
-655 282
-654 281
-653 280
-652 279
-651 278
-650 277
-649 276
-648 275
-647 274
-646 273
-645 272
-644 271
-643 270
-642 269
-640 267
-638 265
-636 263
-634 261
-632 259
-630 257
-627 254
-624 251
-620 247
-615 242
-608 235
-600 228
-592 221
-587 217
-582 213
-573 206
-569 203
-565 200
-557 194
-554 192
-551 190
-548 188
-545 186
-537 181
-532 178
-527 175
-522 172
-517 169
-512 166
-510 165
-508 164
-506 163
-504 162
-502 161
-500 160
-498 159
-496 158
-494 157
-492 156
-490 155
-488 154
-486 153
-484 152
-482 151
-480 150
-478 149
-474 147
-470 145
-466 143
-462 141
-458 139
-454 137
-450 135
-444 132
-436 128
-424 122
-415 118
-408 115
-401 112
-389 107
-384 105
-379 103
-374 101
-369 99
-366 98
-363 97
-360 96
-357 95
-354 94
-351 93
-348 92
-345 91
-342 90
-339 89
-336 88
-333 87
-330 86
-327 85
-324 84
-321 83
-315 81
-309 79
-303 77
-297 75
-288 72
-278 69
-271 67
-267 66
-263 65
-259 64
-255 63
-251 62
-247 61
-243 60
-235 58
-227 56
-215 53
-198 49
-189 47
-184 46
-179 45
-174 44
-163 42
-152 40
-141 38
-135 37
-129 36
-123 35
-117 34
-111 33
-105 32
-93 30
-86 29
-79 28
-72 27
-65 26
-58 25
-51 24
-37 22
-22 20
-14 19
-6 18
2 17
10 16
19 15
28 14
37 13
73 9
83 8
93 7
103 6
113 5
124 4
136 3
148 2
163 1
185 0
584 0
602 1
619 2
633 3
642 4
651 5
660 6
685 9
693 10
701 11
709 12
716 13
723 14
730 15
737 16
744 17
751 18
758 19
779 22
785 23
791 24
797 25
802 26
807 27
812 28
817 29
822 30
827 31
832 32
841 34
850 36
859 38
863 39
867 40
871 41
875 42
879 43
883 44
887 45
891 46
895 47
899 48
903 49
915 52
922 54
932 57
935 58
941 60
950 63
955 65
960 67
965 69
972 72
979 75
988 79
997 83
999 84
1001 85
1003 86
1005 87
1007 88
1011 90
1015 92
1021 95
1030 100
1042 107
1047 110
1052 113
1057 116
1065 121
1079 130
1082 132
1085 134
1088 136
1091 138
1094 140
1097 142
1100 144
1103 146
1107 149
1111 152
1115 155
1119 158
1123 161
1127 164
1135 170
1141 175
1147 180
1148 181
1149 182
1150 183
1151 184
1152 185
1153 186
1154 187
1155 188
1157 190
1159 192
1161 194
1163 196
1165 198
1168 201
1171 204
1175 208
1182 215
1186 220
1189 224
1192 228
1194 231
1196 234
1200 240
1204 247
1205 249
1206 251
1207 253
1208 255
1209 257
1210 259
1212 263
1214 267
1216 271
1219 278
1221 283
1223 288
1224 291
1225 294
1226 297
1227 300
1228 303
1230 309
1234 321
1235 325
1236 329
1237 333
1239 342
1240 347
1241 352
1242 357
1243 362
1244 368
1245 374
1246 381
1247 388
1248 395
1249 402
1250 412
1250 413
1250 414
1250 415
1250 416
1250 417
1250 418
1250 419
1250 420
1250 421
1250 422
1250 423
1250 424
1250 425
1250 426
1250 427
1250 428
1250 429
1250 430
1250 431
1250 432
1250 433
1250 434
1250 435
1250 436
1250 437
1250 438
1250 440
1250 442
1250 444
1250 446
1250 448
1250 450
1250 452
1250 455
1250 458
1250 461
1250 464
1250 468
1250 472
1250 476
1250 480
1250 485
1250 491
1250 497
1250 504
1250 511
1249 518
1248 525
1247 531
1246 537
1244 548
1243 552
1242 556
1240 564
1238 571
1237 574
1236 577
1235 580
1234 583
1233 586
1232 589
1231 592
1230 595
1229 598
1228 601
1226 607
1223 616
1220 623
1217 630
1216 632
1215 634
1214 636
1213 638
1212 640
1211 642
1210 644
1208 648
1206 652
1204 656
1202 660
1199 666
1195 673
1192 678
1190 681
1188 684
1186 687
1184 690
1182 693
1176 702
1171 709
1168 713
1165 717
1162 721
1156 729
1152 734
1151 735
1150 736
1149 737
1148 738
1147 739
1146 740
1145 741
1144 742
1143 743
1142 744
1141 745
1140 746
1139 747
1138 748
1137 749
1136 750
1135 751
1133 753
1131 755
1129 757
1127 759
1125 761
1123 763
1121 765
1119 767
1117 769
1113 773
1109 777
1104 782
1093 791
1089 794
1085 797
1081 800
1074 805
1071 807
1068 809
1065 811
1059 815
1054 818
1049 821
1044 824
1039 827
1029 833
1022 837
1020 838
1018 839
1016 840
1014 841
1012 842
1010 843
1008 844
1006 845
1004 846
1000 848
996 850
992 852
988 854
984 856
980 858
976 860
970 863
962 867
943 876
934 880
927 883
920 886
913 889
908 891
903 893
898 895
893 897
888 899
877 903
874 904
871 905
868 906
865 907
862 908
859 909
856 910
853 911
850 912
847 913
841 915
832 918
820 922
810 925
803 927
796 929
789 931
778 934
774 935
770 936
766 937
762 938
758 939
754 940
750 941
746 942
742 943
738 944
734 945
730 946
726 947
718 949
709 951
700 953
691 955
682 957
677 958
672 959
667 960
662 961
657 962
652 963
642 965
631 967
625 968
619 969
613 970
607 971
601 972
588 974
575 976
568 977
561 978
554 979
547 980
533 982
524 983
515 984
505 985
495 986
484 987
451 990
428 992
416 993
402 994
387 995
372 996
355 997
337 998
