100
20
0
12
1 13 10
2 17 8
3 5 37
4 16 8
5 3 1
6 7 26
7 15 15
8 3 2
9 20 27
10 19 28
11 16 11
12 10 32
9
13 9 12
14 9 27
15 18 25
16 6 24
17 12 40
18 4 30
19 8 9
20 14 18
21 18 9
12
22 13 35
23 13 24
24 11 24
25 4 8
26 8 40
27 7 21
28 10 30
29 16 26
30 19 34
31 7 13
32 12 29
33 4 33
8
34 9 23
35 17 30
36 11 26
37 5 29
38 18 24
39 5 20
40 11 18
41 7 18
17
42 17 18
43 10 18
44 9 31
45 13 33
46 13 14
47 19 34
48 15 20
49 8 32
50 17 13
51 14 19
52 10 5
53 14 10
54 12 28
55 20 11
56 10 23
57 7 38
58 10 11
7
59 13 4
60 11 10
61 14 9
62 19 26
63 11 14
64 15 9
65 7 18
5
66 16 35
67 20 1
68 18 22
69 11 35
70 18 9
16
71 19 21
72 14 10
73 9 15
74 11 40
75 12 23
76 18 23
77 14 23
78 16 21
79 20 22
80 10 39
81 17 22
82 19 21
83 12 26
84 14 23
85 14 10
86 12 24
9
87 17 16
88 15 35
89 12 7
90 13 28
91 10 11
92 20 19
93 18 40
94 14 33
95 20 29
10
96 13 37
97 14 2
98 15 26
99 16 17
100 15 10
101 18 32
102 13 24
103 15 30
104 13 1
105 12 15
3
106 12 3
107 17 10
108 20 15
6
109 15 3
110 18 29
111 17 20
112 20 28
113 13 37
114 13 13
15
115 17 16
116 19 35
117 17 30
118 14 3
119 20 21
120 20 22
121 18 20
122 16 30
123 16 17
124 16 7
125 14 14
126 17 33
127 17 38
128 19 29
129 20 30
0
7
130 18 40
131 20 6
132 17 27
133 20 14
134 17 15
135 18 36
136 16 4
6
137 17 40
138 19 9
139 20 32
140 19 36
141 19 13
142 18 31
14
143 18 26
144 18 16
145 20 33
146 18 8
147 20 32
148 19 21
149 18 9
150 19 2
151 18 5
152 19 14
153 20 12
154 19 4
155 20 10
156 19 40
1
157 20 8
14
158 20 18
159 20 23
160 20 23
161 20 22
162 20 11
163 20 4
164 20 34
165 20 22
166 20 13
167 20 10
168 20 22
169 20 6
170 20 1
171 20 12
